# Created by Octave 4.4.1, Tue Jan 08 13:13:16 2019 GMT <unknown@Umisyo-PC>
# name: v
# type: matrix
# rows: 1
# columns: 4
 1 2 3 4


